TOKEN=7866801308:AAGDVhcK7pWV6NfuFwv-JeZ4is6azdur3J4
ADMIN_ID=5475256932
REF_PERCENT=20
REF_REWARD=0.00003
TASK_REWARD=0.000025
DAILY_REWARD=0.00001
CHANNEL_USERNAME=qqwweerrttqqyyyy
